label,L.BSTS,L.CACG,L.CMFG,L.CU,L.EC,L.FG,L.IPG,L.ITG,L.ICG,L.LOG,L.LOFG,L.LG,L.MOFG,L.MTG,L.PHIG,L.PaCG,L.POP,L.POR,L.PTR,L.PCAL,L.PoCG,L.PCG,L.PrCG,L.PCU,L.RACG,L.RMFG,L.SFG,L.SPG,L.STG,L.SMG,L.FP,L.TP,L.TTG,L.IN,L.CER,L.TH,L.CA,L.PU,L.PA,L.HI,L.AM,L.AC,R.TH,R.CA,R.PU,R.PA,R.HI,R.AM,R.AC,R.BSTS,R.CACG,R.CMFG,R.CU,R.EC,R.FG,R.IPG,R.ITG,R.ICG,R.LOG,R.LOFG,R.LG,R.MOFG,R.MTG,R.PHIG,R.PaCG,R.POP,R.POR,R.PTR,R.PCAL,R.PoCG,R.PCG,R.PrCG,R.PCU,R.RACG,R.RMFG,R.SFG,R.SPG,R.STG,R.SMG,R.FP,R.TP,R.TTG,R.IN,R.CER,L.VTA,L.SN,L.RN,R.VTA,R.SN,R.RN
L.BSTS,0.0,0.0,121.844794097588,92.7036750203617,0.0,100.002537682037,28.4309858828166,61.0055547234508,95.6083866241951,78.7452411313413,0.0,93.2414474487305,0.0,18.9795087212974,0.0,149.864624023438,129.769741407486,0.0,0.0,83.2316639531783,101.675789798897,102.972184437326,116.558433957979,87.7652662707154,0.0,152.186733745846,159.637193193478,98.0080884295346,18.1430912596165,44.7082321508408,0.0,0.0,67.3946331554735,96.6757126264529,0.0,81.0937900620725,122.867058948706,100.013647206281,91.0484697560767,131.044927202812,134.519180297852,0.0,159.760665895225,0.0,199.106472273879,209.960087569429,180.27858189299,0.0,0.0,142.936553955078,0.0,0.0,0.0,0.0,0.0,217.904921952099,220.342834472656,139.946243286133,196.268952096926,0.0,0.0,0.0,159.181484210517,0.0,225.082962036133,0.0,0.0,0.0,0.0,168.487258911133,0.0,171.726943969727,175.10994790118,0.0,233.214767456055,208.881088256836,151.654482823336,168.799423217773,0.0,0.0,0.0,0.0,245.705657958984,0.0,0.0,0.0,0.0,0.0,0.0,0.0
L.CACG,0.0,0.0,69.7648764730752,0.0,0.0,153.511270348021,173.19239824808,162.448135375977,76.6677924925564,204.39241027832,78.4676697170305,0.0,49.1861360283855,153.084393631676,0.0,77.1035386371256,93.1356878050559,94.7604185781662,87.0552643497631,0.0,131.533854370339,23.8530418028839,91.804060845522,87.6950704444545,25.3010478956131,70.6968520155486,38.931179699133,153.385256081534,115.543608333296,133.695288986512,0.0,0.0,0.0,85.7414081696745,179.631317138672,100.388542757461,63.8120826597199,79.9616167185676,86.9014431784196,0.0,0.0,103.548759460449,97.0919415979232,84.8293258356891,101.671185082967,65.0571974425369,216.399047851562,0.0,156.216918945312,0.0,21.0038387181303,85.890196164259,0.0,0.0,0.0,196.12971496582,0.0,0.0,0.0,124.603103196105,0.0,108.689693364167,0.0,0.0,103.692585694002,91.6349114865367,0.0,95.7287998224708,0.0,159.717292373975,35.5836943344162,122.004848632143,128.303136768893,31.5613587061366,98.4821626749727,80.68491683963,140.373214048296,0.0,89.9207763671875,97.0370487752247,0.0,0.0,86.1806813513198,106.476509094238,179.631317138672,179.631317138672,179.631317138672,106.476509094238,106.476509094238,106.476509094238
L.CMFG,121.844794097588,69.7648764730752,0.0,0.0,0.0,173.080760354455,120.437296949053,145.334912866067,78.1197662353516,166.919403076172,94.8378755048527,0.0,139.123851754969,135.194062958758,0.0,108.948026040107,57.3349212488614,135.935868482159,99.4948407682873,0.0,87.1647717501281,91.2414708454025,35.0966101066646,134.957681050394,140.024536132812,39.1694992521326,41.4960389376023,98.4358306035644,134.249699137266,111.659667532222,0.0,0.0,0.0,97.4116480419378,126.580321655106,88.8929470323082,59.5221033563515,78.5176149167607,87.0483652757779,203.451125149582,112.924858093262,0.0,153.324145652519,114.848088694603,140.147858847743,138.579103791692,175.589170730249,0.0,0.0,0.0,85.8911991861403,129.137365959401,0.0,0.0,0.0,186.488906860352,0.0,159.811574413428,0.0,178.041778564453,0.0,153.373329039986,0.0,0.0,149.92600852868,135.583835396757,238.279632568359,130.044540405273,0.0,176.168549040957,103.031676378595,159.254247134238,173.247130551064,0.0,147.40400699971,130.496159640376,200.174246886653,213.840408325195,190.712476648765,0.0,0.0,0.0,162.720163656493,165.01335826703,126.580321655106,126.580321655106,126.580321655106,165.01335826703,165.01335826703,165.01335826703
L.CU,92.7036750203617,0.0,0.0,0.0,0.0,87.521882661936,81.9406752500373,108.524250197732,69.2254137413771,28.69095438362,199.801944450994,38.4293804021516,0.0,119.949130159942,70.9746422595216,159.723892211914,0.0,0.0,186.604319911897,10.5155632096561,0.0,93.8403167724609,0.0,29.6843895655606,136.760362605014,190.776494675553,228.000091552734,20.8330307709835,118.979282782644,189.367790982044,0.0,152.282521436723,0.0,124.454291255325,140.997375488281,112.555021166777,160.684450275676,133.036128945253,163.608489268898,83.6648116526389,141.02360534668,0.0,200.264053623327,0.0,181.951932030992,213.886205944126,157.938172763514,186.930419921875,139.900497436523,191.830572290502,0.0,0.0,168.922778533223,0.0,188.819339526797,179.26207180565,191.245711540388,95.9761644603151,173.561174714831,0.0,157.969471200963,138.322594413247,205.48935760738,178.703847732538,172.077575683594,0.0,0.0,0.0,165.664597174341,220.406048459984,191.062643915255,208.229888916016,145.004961453494,0.0,0.0,0.0,170.693672123968,200.957828780463,0.0,0.0,0.0,0.0,204.421134421111,217.769958496094,140.997375488281,140.997375488281,140.997375488281,217.769958496094,217.769958496094,217.769958496094
L.EC,0.0,0.0,0.0,0.0,0.0,12.0243169726884,0.0,23.9441527521681,53.9795790036334,157.141931266155,71.3103496117959,121.973375967115,67.4985809326172,26.4148654003619,11.1585264764984,0.0,120.326540190263,98.1943748333237,104.84656903154,0.0,95.6270904541016,0.0,0.0,0.0,0.0,105.263111067239,235.846115112305,0.0,27.4793214323442,195.618728637695,0.0,9.59073536868973,71.27783203125,21.3628179917421,0.0,66.3110900047222,76.7871017456055,49.6941445392343,46.3891219613509,5.55804633951215,6.78236586456628,0.0,0.0,0.0,0.0,0.0,0.0,0.0,0.0,0.0,0.0,0.0,0.0,0.0,0.0,0.0,0.0,0.0,0.0,0.0,0.0,0.0,0.0,0.0,0.0,0.0,0.0,0.0,0.0,0.0,0.0,0.0,0.0,0.0,0.0,0.0,0.0,0.0,0.0,0.0,0.0,0.0,0.0,0.0,0.0,0.0,0.0,0.0,0.0,0.0
L.FG,100.002537682037,153.511270348021,173.080760354455,87.521882661936,12.0243169726884,0.0,81.5895331233295,18.4701458172522,85.289366196228,23.660005441921,103.287577469001,34.2494567965849,99.0607645615989,54.3690888732744,18.5849341692344,0.0,140.025164821773,194.79093086911,134.019645777572,71.7985899203115,135.529679858887,131.036636352539,137.717784672989,89.7457187238342,119.486574460025,153.283800543983,164.626506215411,98.4353179911745,69.7517585303524,112.826399546773,0.0,11.8332666876281,89.6626815795898,62.6321604357812,0.0,80.2482843627259,124.459669575922,68.3222537050168,72.133684213363,24.6381428234412,24.2894375933854,70.9687219892946,191.472482811887,196.446990966797,203.63903146819,204.630090627577,179.413153654895,0.0,0.0,209.808294166854,0.0,0.0,180.855266752093,0.0,193.783468764469,181.720747062721,203.277069081783,139.56312705181,180.919785009989,0.0,186.971983831111,245.739074707031,197.70972199336,124.263193138977,212.028564453125,0.0,0.0,0.0,178.807719422348,0.0,189.219658019526,202.889984130859,164.348785932508,0.0,0.0,180.242614746094,178.12843101391,208.585400127007,184.399015064854,0.0,0.0,222.028549194336,189.561341316706,163.635183556838,0.0,0.0,0.0,163.635183556838,163.635183556838,163.635183556838
L.IPG,28.4309858828166,173.19239824808,120.437296949053,81.9406752500373,0.0,81.5895331233295,0.0,81.8003458857104,88.1820482522304,27.2808579404859,173.138836390942,124.259827693124,115.394425394218,45.1809362216476,164.923184626475,110.09301618306,129.690686843883,193.666495420356,141.956695408963,98.0277088590292,96.2920974022217,105.331172107518,108.180646410638,66.3815659617573,152.392642572146,171.112832078212,142.504609894909,44.0924377707572,84.3156972708023,31.3664243361745,0.0,163.090970799622,97.4844936438356,101.815848686118,172.249931923802,102.068201918698,131.184414148579,108.398556548221,109.61473974284,111.192909932468,107.033554858661,155.836159109577,168.947672785015,181.625422153481,175.736705119853,185.54065776679,175.150505914124,190.44433413225,0.0,138.930594140505,227.049224853516,211.320592296174,176.536085901914,0.0,180.585920623645,156.419361926194,185.294654641343,113.342270069612,182.351554773772,199.166412353516,189.529305008472,144.697766238561,181.657670680792,0.0,152.842158122311,0.0,0.0,0.0,202.442085960689,165.447521599063,117.212294523305,175.775646978663,141.294048770493,242.992065429688,195.860488891602,203.656733474989,176.579770264311,184.56668698366,165.043411358774,0.0,232.470899818858,126.897476196289,191.86900640877,187.348903950513,172.249931923802,172.249931923802,172.249931923802,187.348903950513,187.348903950513,187.348903950513
L.ITG,61.0055547234508,162.448135375977,145.334912866067,108.524250197732,23.9441527521681,18.4701458172522,81.8003458857104,0.0,122.421626582371,42.9895341098077,90.3131513868546,78.900914276206,90.5647195653223,17.9202673660482,35.3545446010491,160.543748518927,146.484756451147,122.007189490799,117.295518784386,93.3070324374824,139.215667264574,133.024138622818,134.253544295949,107.377505815561,115.355983594145,135.14162833145,168.871743432221,115.774175016843,46.9738494371254,98.8415336560583,0.0,25.1512943311045,114.995525292909,61.4695381016065,231.988418579102,95.5200090319905,91.7124197291652,70.707177340712,78.7362021404427,54.4323442088094,39.5267405355292,75.1897503890366,205.290374641015,124.873405456543,203.873271720116,207.047946873811,199.572306360644,211.519401621548,0.0,160.132369995117,173.783181495523,201.141036987305,197.702725493559,0.0,215.752944075822,185.767357172548,216.751391734431,141.589593596435,199.180235273908,209.201954164505,200.707573526582,207.214181090833,213.885253877317,209.877991288263,188.394254928858,0.0,0.0,0.0,207.695773803066,179.967337592752,199.118387963393,235.843627913705,173.337733719157,107.301315307617,188.988231614759,202.696545913263,186.388463764801,206.218656787974,193.946913147156,0.0,235.362640380859,0.0,223.100240530546,177.836815771248,231.988418579102,231.988418579102,231.988418579102,177.836815771248,177.836815771248,177.836815771248
L.ICG,95.6083866241951,76.6677924925564,78.1197662353516,69.2254137413771,53.9795790036334,85.289366196228,88.1820482522304,122.421626582371,0.0,83.658124600578,154.109840712422,33.5683502413646,51.778197493708,107.849570462757,21.2086942174532,81.4359206068326,143.37030508077,0.0,173.480865478516,65.7626175302476,110.700812837799,23.7083897039469,113.024509002867,28.7447355489083,78.7888586545785,150.775791157574,104.882219197448,73.9580734786265,95.9958243276987,86.7472052244606,0.0,139.288507271707,91.0805641515671,87.1117587377569,149.35013208767,57.8200300840169,100.358127312387,108.250388880082,106.003432243545,19.3117850987759,71.0591507194633,53.5106687424807,111.92516290115,102.446835275282,141.849525205029,124.022900588792,90.8497349567413,134.567141699889,148.864730834961,97.5706050846109,113.425418274913,138.072280883789,122.463025852068,0.0,128.198459320141,127.557421031583,120.205768421261,16.2377584792634,113.032761713323,0.0,92.779033612338,66.7004681796888,126.398140891141,81.1325745729362,118.879275566691,0.0,0.0,195.010101318359,96.2121669356539,127.026400925121,68.2950090149279,103.2286816152,78.2883303676724,79.8152008056641,0.0,134.005431788757,100.139776134379,115.694016327151,110.303622283271,0.0,210.229751586914,87.6681196390004,102.550388342181,157.534854919061,149.35013208767,149.35013208767,149.35013208767,157.534854919061,157.534854919061,157.534854919061
L.LOG,78.7452411313413,204.39241027832,166.919403076172,28.69095438362,157.141931266155,23.660005441921,27.2808579404859,42.9895341098077,83.658124600578,0.0,170.167181975902,23.9360332518599,130.483077703925,67.6187219935607,95.7834988713674,83.6357987483337,178.652067846913,178.514640096864,189.408380107059,20.2618357221774,150.145265750426,131.645617562887,138.988848031476,72.4919205069231,164.36357444565,189.265684325452,181.729119903351,41.8379970282315,109.279568813461,122.853528909254,0.0,139.040870922568,106.534231765485,106.497614308402,121.883979797363,107.338147579133,178.053035970297,111.573302189368,110.101623027631,103.927406525664,117.337613062385,159.644662970097,198.066661108896,166.617521779304,198.313477340379,202.089553750982,175.477695872695,206.266469335351,124.611145019531,165.131403000009,0.0,231.886795043945,172.492415796565,0.0,198.839047631052,176.584167143714,202.823097139949,106.065842694307,183.026848215267,0.0,165.788050934957,178.181284349485,184.885999890741,174.742518751774,188.605724375534,0.0,0.0,0.0,176.594583018774,207.889628151068,162.715240478516,188.847056508215,154.300547241516,0.0,0.0,178.511138916016,178.607615226695,211.850555949533,203.350559244315,0.0,243.393432617188,180.911756268707,200.698974931126,185.096176147461,121.883979797363,121.883979797363,121.883979797363,185.096176147461,185.096176147461,185.096176147461
L.LOFG,0.0,78.4676697170305,94.8378755048527,199.801944450994,71.3103496117959,103.287577469001,173.138836390942,90.3131513868546,154.109840712422,170.167181975902,0.0,126.999675878972,17.738934577275,91.0103103364012,125.216346740723,0.0,67.5483126720605,26.0795997498991,34.6972508477603,173.672175240524,209.11603166671,0.0,138.911173698057,0.0,33.6469070986427,25.2402650966322,75.9892225739492,0.0,82.6628676372221,141.346582796808,7.6041361691913,79.3815581100462,151.180725097656,27.6980216361455,0.0,84.5070637889979,38.1107811999389,37.1820104338795,58.4600006631654,84.7711298965618,44.9946532448415,26.8747868940528,211.632121132027,93.0871730372321,115.185135989149,158.035722861158,232.15852355957,0.0,73.9197879986493,0.0,130.919931851708,218.92106628418,0.0,0.0,190.847458464828,220.66704736692,145.83967590332,141.286075240283,237.273092551817,85.9232962527184,0.0,80.0171878812451,150.744480838504,0.0,0.0,179.235698078754,130.195548087323,149.29733392793,0.0,0.0,207.991165161133,156.091092054194,189.186557817093,65.1580817684729,121.337118187866,131.284841269156,0.0,115.598976135254,0.0,114.603374485511,125.411051873932,0.0,120.910311357245,161.234532488619,0.0,0.0,0.0,161.234532488619,161.234532488619,161.234532488619
L.LG,93.2414474487305,0.0,0.0,38.4293804021516,121.973375967115,34.2494567965849,124.259827693124,78.900914276206,33.5683502413646,23.9360332518599,126.999675878972,0.0,102.854852208821,97.1842112917048,17.4861670605804,0.0,189.698282981318,149.562726574074,177.789304567479,13.5480706244914,156.853925370025,0.0,170.9948738451,44.260032947457,113.353448495318,149.770977784716,189.738189989302,66.0800333185163,111.429249805757,162.668586388196,0.0,106.572059112299,144.495763221468,101.651271988918,188.783477783203,103.027939007806,127.28440186949,103.896739945927,108.548513708485,14.0310402918751,115.806220884477,104.456680297852,175.802782256731,216.810256958008,178.354371107677,139.20050198545,112.882054527335,169.881292256692,132.355071664192,230.441178945513,0.0,208.123046875,151.68713703493,0.0,154.706492265974,166.981915759327,182.38318119053,68.9196274326351,141.918246041844,0.0,126.78898033325,87.2679811646532,204.713317101625,142.837992946998,0.0,0.0,0.0,0.0,129.506224869011,114.688537597656,204.097366333008,180.792358118299,129.818495803997,0.0,214.146622402057,224.93070923889,161.196791872589,207.068095950499,216.094794659964,0.0,0.0,0.0,196.405889931269,0.0,188.783477783203,188.783477783203,188.783477783203,0.0,0.0,0.0
L.MOFG,0.0,49.1861360283855,139.123851754969,0.0,67.4985809326172,99.0607645615989,115.394425394218,90.5647195653223,51.778197493708,130.483077703925,17.738934577275,102.854852208821,0.0,119.023404242937,75.5554566507141,225.091796875,105.424408879297,64.8201501990229,85.23783154831,142.426943023028,201.66559312765,131.909241224127,141.08911936633,134.847504769129,17.0514077456509,16.12316325708,14.9091444226491,127.378916572834,89.2871422695396,137.659125301549,8.31830738996947,79.4627783743444,149.520919799805,18.8253412178189,71.9057591162457,34.4504356024195,26.4422892118871,24.2333485812884,27.7658415278789,72.2257797349365,44.2880445850525,11.9387902002589,69.207725157719,87.9067303655426,87.3204187298345,43.7539285153638,77.7020962661864,153.672210693359,62.3659686491091,109.002155607168,134.213331785394,131.053024291992,121.148826599121,0.0,139.521752787504,143.206049852528,128.816059665636,94.0761343368719,131.230014296878,85.0356396256015,155.141971653623,73.8565104369433,159.362405905649,0.0,118.349722638444,122.745376586914,120.886484189263,131.700436609876,129.990569091263,169.29895690796,106.181312561035,141.350555156713,111.225982850562,56.3933320881876,109.748237039163,116.468710365437,140.442972711876,135.3085432443,168.135097503215,106.172867778196,176.01432800293,0.0,53.1617215012298,71.219680131513,71.9057591162457,71.9057591162457,71.9057591162457,71.219680131513,71.219680131513,71.219680131513
L.MTG,18.9795087212974,153.084393631676,135.194062958758,119.949130159942,26.4148654003619,54.3690888732744,45.1809362216476,17.9202673660482,107.849570462757,67.6187219935607,91.0103103364012,97.1842112917048,119.023404242937,0.0,42.4069712921813,193.51369626776,134.577244662984,108.308484991097,119.245256914195,99.4286840152306,115.092623486876,148.857653476664,127.725472873735,105.411438984564,146.798777330687,127.831485418307,159.147883580819,109.55290691453,27.7487187038797,84.661607042435,0.0,22.9095455188289,60.7679815303021,57.6250362192598,136.542088293407,102.965174892532,104.40650284689,73.9136610726685,85.2435130439035,63.166886793129,44.4896873267392,83.7655996065291,196.782872495718,158.709853087219,222.088156575318,216.321999716716,177.083575965297,246.18505859375,0.0,0.0,196.877361980308,199.364196777344,237.207329014618,0.0,227.592666625977,186.410085775979,213.347999487036,125.486905918919,218.602329159708,0.0,202.071139626871,0.0,205.843199038901,194.454406738281,211.097607553492,223.693206787109,187.59587097168,182.196273803711,187.092193603516,161.488571166992,176.163890376023,247.129928588867,181.813268414618,156.865556229441,211.291037793192,198.3789555934,197.445732469459,217.997852116648,189.764610778736,0.0,0.0,0.0,227.367613754616,0.0,136.542088293407,136.542088293407,136.542088293407,0.0,0.0,0.0
L.PHIG,0.0,0.0,0.0,70.9746422595216,11.1585264764984,18.5849341692344,164.923184626475,35.3545446010491,21.2086942174532,95.7834988713674,125.216346740723,17.4861670605804,75.5554566507141,42.4069712921813,0.0,0.0,0.0,121.637214660645,0.0,73.1033667394219,86.1205062866211,102.01489601905,0.0,66.2953828700386,0.0,184.129682199346,113.597739810089,109.809904576885,46.8991063998642,192.078050893801,0.0,34.7156558414709,202.882934099996,51.9458544244295,31.3227789413964,50.3119739038707,92.6829299926758,37.721159442841,50.6038564247841,7.71024669882508,25.0470066752265,0.0,92.6814977637227,139.365982055664,161.334969097753,65.3783700358198,96.6427870380407,0.0,0.0,173.847198486328,0.0,151.005752563477,189.365021561498,0.0,193.404113769531,0.0,0.0,60.4939379769734,131.716551417238,0.0,94.6447448730469,0.0,0.0,68.464953133954,0.0,0.0,0.0,0.0,137.25798034668,0.0,127.638206481934,160.833740234375,145.106309883965,0.0,0.0,0.0,175.505135969599,195.090545654297,126.677101135254,0.0,0.0,0.0,99.3892288208008,68.50215631769,31.3227789413964,31.3227789413964,31.3227789413964,68.50215631769,68.50215631769,68.50215631769
L.PaCG,149.864624023438,77.1035386371256,108.948026040107,159.723892211914,0.0,0.0,110.09301618306,160.543748518927,81.4359206068326,83.6357987483337,0.0,0.0,225.091796875,193.51369626776,0.0,0.0,130.659844013562,0.0,219.371810913086,120.102928161621,15.1203428531032,35.6501117591223,19.295388465826,40.4454626853875,94.0509084424517,155.116570433456,24.1402387013467,34.5550130635007,135.383360726656,102.898473374447,0.0,120.411102294922,135.168793402341,114.24312918399,148.728857863139,88.5592196888328,61.629223497323,82.9810578318673,88.8499169428158,99.4877867797075,0.0,0.0,136.937913487255,109.921976219548,121.630930930347,143.291722142004,168.028244610821,0.0,0.0,139.06298828125,159.936882032568,147.168091704966,0.0,0.0,180.938430786133,184.405733417387,178.510513305664,130.551981838376,0.0,0.0,0.0,0.0,242.574630737305,0.0,121.515060646495,181.242789703128,0.0,0.0,0.0,147.412529457007,82.5627922684993,133.545551273096,141.755784305845,136.101699829102,153.780763735631,133.489837032565,147.758205958817,190.828301216402,161.532749034983,0.0,0.0,203.366806030273,148.231299067943,171.052287442913,148.728857863139,148.728857863139,148.728857863139,171.052287442913,171.052287442913,171.052287442913
L.POP,129.769741407486,93.1356878050559,57.3349212488614,0.0,120.326540190263,140.025164821773,129.690686843883,146.484756451147,143.37030508077,178.652067846913,67.5483126720605,189.698282981318,105.424408879297,134.577244662984,0.0,130.659844013562,0.0,81.2242439868792,30.8822534448474,193.430709838867,89.9728797179303,98.4130358244949,35.6781811855864,152.95475174955,104.241686710595,45.0013095493911,88.8776801761587,132.203840115674,119.875561767182,99.7111793994831,0.0,132.346341635611,130.339519628538,47.0588024612231,135.973343648594,104.198037925886,79.5588644473916,65.8002659549784,85.933444471945,148.741802551836,79.7877197265625,118.680749197464,166.145883826209,136.951672114364,145.46179429367,161.182191772215,0.0,0.0,163.182811012985,0.0,108.747908978801,145.588121695188,0.0,0.0,0.0,199.710108623897,180.328521728516,176.825328119628,0.0,0.0,0.0,120.193365109348,0.0,0.0,164.575831410811,143.144809198256,121.75724029541,162.52931648164,0.0,168.070306357734,148.113251343084,167.00022995505,197.366898526628,151.928717982662,152.812772763509,148.762263395218,189.202788367685,0.0,199.294158935547,164.317901611328,0.0,0.0,172.344514998798,182.581483459178,135.973343648594,135.973343648594,135.973343648594,182.581483459178,182.581483459178,182.581483459178
L.POR,0.0,94.7604185781662,135.935868482159,0.0,98.1943748333237,194.79093086911,193.666495420356,122.007189490799,0.0,178.514640096864,26.0795997498991,149.562726574074,64.8201501990229,108.308484991097,121.637214660645,0.0,81.2242439868792,0.0,17.3407209318221,0.0,161.954818725586,0.0,0.0,179.798919677734,60.0719027973389,23.2548701253554,85.9054638219744,196.497436523438,111.275240127233,0.0,93.4627380371094,110.74386736144,0.0,66.937623417175,116.340179443359,97.0391946732592,67.2408069975473,67.1350410109485,82.9271777632819,114.82918548584,216.485000610352,70.6717293423528,177.42431640625,152.494681689259,144.702148178311,0.0,0.0,0.0,107.942993164062,0.0,0.0,0.0,0.0,0.0,0.0,0.0,0.0,0.0,0.0,133.457815919517,0.0,91.3749562250283,0.0,0.0,0.0,0.0,120.96126097676,167.940841674805,0.0,0.0,0.0,0.0,0.0,84.8496341858286,132.368895685075,135.752250933295,0.0,0.0,0.0,119.298191068979,0.0,0.0,135.588355220988,131.129257202148,116.340179443359,116.340179443359,116.340179443359,131.129257202148,131.129257202148,131.129257202148
L.PTR,0.0,87.0552643497631,99.4948407682873,186.604319911897,104.84656903154,134.019645777572,141.956695408963,117.295518784386,173.480865478516,189.408380107059,34.6972508477603,177.789304567479,85.23783154831,119.245256914195,0.0,219.371810913086,30.8822534448474,17.3407209318221,0.0,171.428622688031,152.998545912863,123.673275049822,106.229179067449,208.156140944717,68.8593425148706,35.1331703418725,83.2168338204276,177.590001910203,110.676122120336,170.004243933984,66.60595703125,105.106734324573,115.360198974609,51.0244536338453,211.45486563735,112.823191370409,77.9568126154392,71.9055032750855,85.9006217863913,158.496265288998,124.528390504243,75.6093915634198,144.19413710289,142.026242942148,158.215420148119,167.878739332057,0.0,0.0,100.667900085449,0.0,99.9370531994994,173.74058281845,0.0,0.0,0.0,0.0,0.0,0.0,0.0,116.434407942506,0.0,117.847135710876,0.0,0.0,205.331797669218,165.90071359521,144.405743410424,162.845962848715,0.0,202.691902876191,170.922744750977,187.398308506517,222.202179708396,89.1561115712281,132.777358252087,147.511482113016,0.0,232.345581054688,201.941360473633,116.595647450703,0.0,0.0,165.53135317234,171.00846862793,211.45486563735,211.45486563735,211.45486563735,171.00846862793,171.00846862793,171.00846862793
L.PCAL,83.2316639531783,0.0,0.0,10.5155632096561,0.0,71.7985899203115,98.0277088590292,93.3070324374824,65.7626175302476,20.2618357221774,173.672175240524,13.5480706244914,142.426943023028,99.4286840152306,73.1033667394219,120.102928161621,193.430709838867,0.0,171.428622688031,0.0,0.0,0.0,164.680572509766,25.7095622561147,129.6513671875,186.518870152833,0.0,40.5217628272093,118.24459291169,146.750814378749,0.0,130.735396854295,107.275871276855,120.195769286423,184.074035644531,117.356686713177,141.9063545519,114.516129599932,140.662454060219,75.8594003283877,116.543389749751,0.0,189.269839725983,131.266174316406,212.3643249724,210.915177066994,121.986291069969,0.0,0.0,172.399383544922,0.0,0.0,165.647159222486,0.0,186.033251906556,161.734957429687,182.155978564292,92.5480707942029,169.894953583373,0.0,146.346777361892,187.335518809396,191.142184472517,186.06692030233,0.0,0.0,0.0,0.0,164.213016722973,202.198654174805,142.767631930965,0.0,145.364732782118,0.0,0.0,0.0,175.127021669184,197.079693228167,240.746063232422,0.0,0.0,0.0,175.571019630522,184.338943481445,184.074035644531,184.074035644531,184.074035644531,184.338943481445,184.338943481445,184.338943481445
L.PoCG,101.675789798897,131.533854370339,87.1647717501281,0.0,95.6270904541016,135.529679858887,96.2920974022217,139.215667264574,110.700812837799,150.145265750426,209.11603166671,156.853925370025,201.66559312765,115.092623486876,86.1205062866211,15.1203428531032,89.9728797179303,161.954818725586,152.998545912863,0.0,0.0,79.4288101166463,36.7810067523291,61.7312295832723,130.576067488665,111.125985122852,107.216275552213,32.6364991962656,108.584389393903,32.5594461437575,0.0,169.552185058594,92.5044419502416,48.823697724786,139.895832079839,83.8791435112457,77.0344422055522,74.3619503469599,83.287701324566,105.743196688783,136.902053833008,115.664734974086,154.689614656591,137.610885677903,165.211813521001,158.811210652839,174.225480333954,216.369781494141,126.571932830089,207.282913208008,0.0,172.324328819493,0.0,0.0,0.0,185.603131789627,0.0,119.80819124367,0.0,0.0,0.0,101.953926086426,158.646011352539,164.483856201172,146.101503638187,193.900608671899,0.0,0.0,0.0,148.487181139881,105.789952777363,147.837434585751,153.574069054573,0.0,221.3298626745,164.136870323765,169.601616937502,174.175424545818,142.338032980317,0.0,0.0,192.835405536269,128.186585356526,176.671779107294,139.895832079839,139.895832079839,139.895832079839,176.671779107294,176.671779107294,176.671779107294
L.PCG,102.972184437326,23.8530418028839,91.2414708454025,93.8403167724609,0.0,131.036636352539,105.331172107518,133.024138622818,23.7083897039469,131.645617562887,0.0,0.0,131.909241224127,148.857653476664,102.01489601905,35.6501117591223,98.4130358244949,0.0,123.673275049822,0.0,79.4288101166463,0.0,77.5490335838593,35.7541747002556,54.8331185233947,101.820398709845,39.5561155560411,80.9606369164791,105.558578796648,89.0853143027348,0.0,0.0,81.0724873051377,90.1081249435233,117.291752346348,76.2030993781279,55.8443785436496,78.9273576664062,78.4585234299306,97.2095111915646,0.0,0.0,98.8086455287111,95.6459733881819,107.936900084028,126.238214366305,0.0,0.0,139.130728144245,127.66577911377,50.1054276713902,100.557331359267,190.736953735352,0.0,0.0,138.507172916576,195.465225219727,91.6872992238461,0.0,0.0,0.0,0.0,138.042491525393,127.338922809721,88.0237496195798,138.695164731392,0.0,126.219137689011,0.0,116.309140800872,35.7254273655014,104.145101974429,114.962939824729,0.0,165.663633850386,100.178677499514,131.445733321172,145.398476397757,109.610268818158,0.0,0.0,159.56086730957,148.241254335166,155.241184516117,117.291752346348,117.291752346348,117.291752346348,155.241184516117,155.241184516117,155.241184516117
L.PrCG,116.558433957979,91.804060845522,35.0966101066646,0.0,0.0,137.717784672989,108.180646410638,134.253544295949,113.024509002867,138.988848031476,138.911173698057,170.9948738451,141.08911936633,127.725472873735,0.0,19.295388465826,35.6781811855864,0.0,106.229179067449,164.680572509766,36.7810067523291,77.5490335838593,0.0,98.8214594682269,174.866218381793,70.681715290982,55.2299100328137,74.9356544456094,115.301472228653,77.0676156347734,0.0,0.0,122.870061533752,57.3205237553212,152.038734812897,85.2221797018487,58.1263387013986,70.159338313559,80.7151906386822,100.895470873911,139.543933528772,127.213088989258,155.175382343206,124.99841407458,146.715602134892,153.412392203709,177.380516847902,0.0,0.0,198.191772460938,128.483958634159,142.99533873205,0.0,0.0,0.0,167.855284097704,0.0,146.139688479506,0.0,180.629348632908,170.844594892389,153.574105791334,194.029783868796,219.046508789062,131.79202164931,150.026180259914,0.0,185.901463529034,163.05598449707,170.287130628437,100.133289540397,144.514635934393,174.89459397609,0.0,167.882185093106,140.011180105786,183.151168509079,201.002034771258,176.518125031229,0.0,0.0,171.58556885261,160.196571522689,165.689499381863,152.038734812897,152.038734812897,152.038734812897,165.689499381863,165.689499381863,165.689499381863
L.PCU,87.7652662707154,87.6950704444545,134.957681050394,29.6843895655606,0.0,89.7457187238342,66.3815659617573,107.377505815561,28.7447355489083,72.4919205069231,0.0,44.260032947457,134.847504769129,105.411438984564,66.2953828700386,40.4454626853875,152.95475174955,179.798919677734,208.156140944717,25.7095622561147,61.7312295832723,35.7541747002556,98.8214594682269,0.0,120.589692250508,159.8706136087,95.6458105104316,24.3244606752504,106.37023858615,89.5679921907992,0.0,146.839712584304,89.3617315417201,96.8175771669463,138.624497027878,93.8786429497911,89.100942017499,107.848164273639,110.515022716421,88.4206769501162,118.176103272078,0.0,151.245455928804,137.8739784786,166.281059987855,156.467089412865,152.842018372411,197.705038181347,126.278121948242,157.346123143652,133.737524249332,151.279656054071,146.282651088561,0.0,158.58865223598,144.448391713427,161.459096866852,76.5567734818405,144.255832773331,201.946042769319,132.908241400138,114.010894775391,158.620990313546,141.324789307682,137.887608664768,204.635524931396,229.190612792969,226.683746337891,140.568929623359,154.932604454959,93.7165721595866,152.266752824655,115.41340767539,0.0,213.210553755253,163.869152540125,139.438663483654,163.822411494984,147.187214914765,245.906936645508,214.930055801478,152.393592812116,160.433114273781,203.172766200205,138.624497027878,138.624497027878,138.624497027878,203.172766200205,203.172766200205,203.172766200205
L.RACG,0.0,25.3010478956131,140.024536132812,136.760362605014,0.0,119.486574460025,152.392642572146,115.355983594145,78.7888586545785,164.36357444565,33.6469070986427,113.353448495318,17.0514077456509,146.798777330687,0.0,94.0509084424517,104.241686710595,60.0719027973389,68.8593425148706,129.6513671875,130.576067488665,54.8331185233947,174.866218381793,120.589692250508,0.0,50.6987065020804,23.3636171192529,170.16012606779,109.787161965086,117.703156785126,50.4990168229891,91.6826800159,127.323627724143,52.8101361273615,207.833892822266,77.3851660354127,34.4324275993612,53.3184842635408,68.689704114962,71.4419708318458,81.5486769846067,17.4722758469162,76.8725426880949,64.4049141419591,87.7111245672948,97.8290990041293,77.9764510585667,0.0,46.0400941823821,0.0,47.9567351769236,106.286654973673,132.496829183162,0.0,187.132312855367,132.232598777541,176.054587216219,60.8954910144262,139.576593463575,70.0122659046161,142.466907529825,51.3398677888371,125.903425682978,87.2589416503906,160.934860627471,119.977909884147,83.6589696940696,110.215711103013,128.328959435879,111.079922757441,49.5910339355469,151.704959579851,129.836429916558,20.3794873590323,106.471108253042,99.503595875736,142.099610208877,143.767626482821,110.044534632931,115.833474232058,0.0,190.546127319336,83.3766455949245,100.902462224771,207.833892822266,207.833892822266,207.833892822266,100.902462224771,100.902462224771,100.902462224771
L.RMFG,152.186733745846,70.6968520155486,39.1694992521326,190.776494675553,105.263111067239,153.283800543983,171.112832078212,135.14162833145,150.775791157574,189.265684325452,25.2402650966322,149.770977784716,16.12316325708,127.831485418307,184.129682199346,155.116570433456,45.0013095493911,23.2548701253554,35.1331703418725,186.518870152833,111.125985122852,101.820398709845,70.681715290982,159.8706136087,50.6987065020804,0.0,40.2498545717062,136.58050822051,119.996436113215,131.494353557858,13.5658538174975,104.846328847382,184.009979248047,79.3719928610244,165.522885353398,103.816023788299,67.2367857868922,74.0301437220697,84.5242952459282,145.237757147635,144.105207851925,75.3498356210504,165.531403874708,119.837067609426,138.561944874085,160.780726136348,0.0,147.171535198194,110.331116331746,218.329681396484,105.548022848385,161.342604132759,0.0,0.0,211.401027112507,222.280227277501,212.483124529295,209.890960693359,0.0,107.837277703461,202.119906202412,105.013737263308,218.527729382563,117.100517272949,198.270234519938,149.209871267351,129.712654823226,137.898511241501,0.0,185.399127254874,126.374644761562,171.983383809363,225.286624330783,90.6949447241234,124.023107932202,128.261632206293,186.951184877725,162.540113166683,199.013228390501,121.625272819749,155.282608726775,0.0,141.422062576274,157.547885759588,165.522885353398,165.522885353398,165.522885353398,157.547885759588,157.547885759588,157.547885759588
L.SFG,159.637193193478,38.931179699133,41.4960389376023,228.000091552734,235.846115112305,164.626506215411,142.504609894909,168.871743432221,104.882219197448,181.729119903351,75.9892225739492,189.738189989302,14.9091444226491,159.147883580819,113.597739810089,24.1402387013467,88.8776801761587,85.9054638219744,83.2168338204276,0.0,107.216275552213,39.5561155560411,55.2299100328137,95.6458105104316,23.3636171192529,40.2498545717062,0.0,97.3149455078142,138.381349138867,138.019695749282,7.86968933661265,132.601575688628,138.100470900454,90.3815729059022,152.507582883783,96.2107271889042,65.3760056834213,79.2591635159103,89.674862748996,144.150150961704,115.910015333625,95.5542402045362,143.225448384301,117.21895005763,134.394552428435,142.621224399782,157.098572550715,149.596313476562,120.083191461097,195.905637095753,76.2845632243738,127.515917782246,0.0,0.0,0.0,193.660202109714,216.233357788242,155.552852707389,168.249465942383,132.610459671994,237.983535766602,112.451408846496,213.180978892906,165.05914460126,127.863462779704,140.719060182157,130.631711319688,150.252911418713,0.0,158.034579025371,90.9068811655909,143.152742260997,166.389495684809,78.6365743500693,129.488599797085,122.701929659961,185.399652437846,194.950269131292,190.03685680061,125.281101133257,164.975622636273,191.32080078125,150.256558266816,170.962335380549,152.507582883783,152.507582883783,152.507582883783,170.962335380549,170.962335380549,170.962335380549
L.SPG,98.0080884295346,153.385256081534,98.4358306035644,20.8330307709835,0.0,98.4353179911745,44.0924377707572,115.774175016843,73.9580734786265,41.8379970282315,0.0,66.0800333185163,127.378916572834,109.55290691453,109.809904576885,34.5550130635007,132.203840115674,196.497436523438,177.590001910203,40.5217628272093,32.6364991962656,80.9606369164791,74.9356544456094,24.3244606752504,170.16012606779,136.58050822051,97.3149455078142,0.0,113.011582361867,55.4407095160087,0.0,175.792470452536,90.2825539358291,96.1781518100793,150.220488407609,95.4543196737357,89.6250140575296,99.6574387145089,97.1202586509357,113.455664836381,135.260484833249,158.416599830785,158.824911956241,143.033237387201,171.319852104428,170.827038050049,169.316070338675,202.485937731789,200.743591308594,164.535586814511,188.129689621485,201.777371345247,172.112469004497,239.607376098633,168.939768330595,166.624113533892,182.564461175424,100.349845782081,174.802584910622,0.0,147.727864408471,162.872924804688,180.307066628113,160.348656620606,155.198850871003,181.878955449983,0.0,0.0,163.059840617712,160.456117263707,128.417759107509,157.51982155537,141.124682764627,0.0,227.482047546707,198.953855030942,158.145336221492,171.556344748682,158.070453674373,0.0,202.057041580482,144.619657591534,163.266779104074,179.237759386052,150.220488407609,150.220488407609,150.220488407609,179.237759386052,179.237759386052,179.237759386052
L.STG,18.1430912596165,115.543608333296,134.249699137266,118.979282782644,27.4793214323442,69.7517585303524,84.3156972708023,46.9738494371254,95.9958243276987,109.279568813461,82.6628676372221,111.429249805757,89.2871422695396,27.7487187038797,46.8991063998642,135.383360726656,119.875561767182,111.275240127233,110.676122120336,118.24459291169,108.584389393903,105.558578796648,115.301472228653,106.37023858615,109.787161965086,119.996436113215,138.381349138867,113.011582361867,0.0,35.5623382194665,0.0,18.7305373213765,21.3597439473526,30.6176695766329,152.524353027344,77.7275223574015,112.115548506348,55.9604531151585,73.6034947507879,64.7105326592069,35.5487630081223,93.3876321610654,180.79444405095,180.950150149574,184.574024176327,201.598051784395,184.643692323759,245.495361328125,125.4477832742,189.776609036745,139.158895357429,192.275047942873,0.0,0.0,187.733963640968,190.115246249354,209.175779385538,123.165116485743,217.961819213926,199.325430223557,218.964287259637,154.101336366855,203.579691520777,246.124588012695,167.21004000501,244.196853637695,0.0,215.015126984528,200.409251743919,185.716657697794,156.275655800425,188.817861014552,164.049075588126,166.361159800076,188.035510827925,191.91972450181,176.870464684601,202.585811636,182.455704973924,157.873321533203,0.0,171.18229675293,171.8839391548,190.037146387114,152.524353027344,152.524353027344,152.524353027344,190.037146387114,190.037146387114,190.037146387114
L.SMG,44.7082321508408,133.695288986512,111.659667532222,189.367790982044,195.618728637695,112.826399546773,31.3664243361745,98.8415336560583,86.7472052244606,122.853528909254,141.346582796808,162.668586388196,137.659125301549,84.661607042435,192.078050893801,102.898473374447,99.7111793994831,0.0,170.004243933984,146.750814378749,32.5594461437575,89.0853143027348,77.0676156347734,89.5679921907992,117.703156785126,131.494353557858,138.019695749282,55.4407095160087,35.5623382194665,0.0,0.0,154.621466153362,44.7692691458082,40.9339770858165,177.39592688797,88.6934373842047,96.2404947679836,75.6916471417034,87.2132300191442,102.732634858534,92.544617655842,0.0,162.750923873597,174.051090351053,177.760311431177,177.780095488659,167.771398936342,0.0,0.0,146.28864267582,200.303177304009,178.370282429163,202.254374088194,0.0,230.766082763672,182.780850564757,213.216402181903,112.253519049653,213.776866560901,0.0,0.0,0.0,197.476626421931,155.387908935547,146.725539904625,204.171066507636,0.0,0.0,166.405086313702,155.338510744655,106.641740390593,185.076647699614,144.776792448842,0.0,214.571877285173,209.809452414198,161.063544220159,166.168805915145,162.350461991642,0.0,0.0,0.0,141.635797253695,173.131098871741,177.39592688797,177.39592688797,177.39592688797,173.131098871741,173.131098871741,173.131098871741
L.FP,0.0,0.0,0.0,0.0,0.0,0.0,0.0,0.0,0.0,0.0,7.6041361691913,0.0,8.31830738996947,0.0,0.0,0.0,0.0,93.4627380371094,66.60595703125,0.0,0.0,0.0,0.0,0.0,50.4990168229891,13.5658538174975,7.86968933661265,0.0,0.0,0.0,0.0,0.0,0.0,83.5172729492188,0.0,127.793239064832,103.394353199281,72.8618954238828,79.3281478881836,0.0,0.0,71.9985820569109,0.0,114.662725931875,113.68741607666,0.0,0.0,0.0,100.692858850043,0.0,0.0,0.0,0.0,0.0,0.0,0.0,0.0,0.0,0.0,155.605361938477,0.0,116.819121214725,0.0,0.0,0.0,0.0,0.0,0.0,0.0,0.0,0.0,0.0,0.0,76.9424514770508,116.925189073678,171.049520300572,0.0,0.0,0.0,130.075151798427,0.0,0.0,104.630706787109,0.0,0.0,0.0,0.0,0.0,0.0,0.0
